##FastQC	0.10.1
>>Basic Statistics	pass
#Measure	Value	
Filename	Glen-Drummond-Dragon_GTGAAA_L005_R1_001.fastq.gz	
File type	Conventional base calls	
Encoding	Sanger / Illumina 1.9	
Total Sequences	4000000	
Filtered Sequences	0	
Sequence length	101	
%GC	38	
>>END_MODULE
>>Per base sequence quality	pass
#Base	Mean	Median	Lower Quartile	Upper Quartile	10th Percentile	90th Percentile
1	33.37137975	34.0	33.0	34.0	31.0	34.0
2	33.479649	34.0	34.0	34.0	31.0	34.0
3	33.53635075	34.0	34.0	34.0	31.0	34.0
4	36.739064	37.0	37.0	37.0	37.0	37.0
5	36.69879725	37.0	37.0	37.0	37.0	37.0
6	36.68841425	37.0	37.0	37.0	36.0	37.0
7	36.69115525	37.0	37.0	37.0	36.0	37.0
8	36.7130475	37.0	37.0	37.0	36.0	37.0
9	38.64742625	39.0	39.0	39.0	38.0	39.0
10-14	38.973127350000006	39.4	39.2	39.4	38.2	39.4
15-19	40.28320655	41.0	40.0	41.0	39.0	41.0
20-24	40.2209022	41.0	40.0	41.0	39.0	41.0
25-29	40.0950626	41.0	40.0	41.0	38.2	41.0
30-34	40.0791804	41.0	40.0	41.0	38.0	41.0
35-39	39.969377599999994	41.0	40.0	41.0	38.0	41.0
40-44	39.8560367	41.0	40.0	41.0	38.0	41.0
45-49	39.67043455	41.0	40.0	41.0	37.8	41.0
50-54	39.578830849999996	41.0	40.0	41.0	37.0	41.0
55-59	39.4491404	41.0	39.6	41.0	36.8	41.0
60-64	39.0929359	40.4	38.8	41.0	35.6	41.0
65-69	38.549155	40.0	37.6	41.0	35.0	41.0
70-74	37.82453975	39.0	36.4	40.8	34.6	41.0
75-79	36.52780285	37.0	35.0	39.2	33.2	40.4
80-84	36.0607391	36.4	35.0	38.4	34.0	39.4
85-89	35.112157100000005	35.4	35.0	36.8	33.6	38.2
90-94	34.4317678	35.0	35.0	36.0	33.0	36.8
95-99	33.8906054	35.0	34.0	35.0	32.2	36.0
100-101	32.740069375000004	34.5	33.0	35.0	29.5	35.5
>>END_MODULE
>>Per sequence quality scores	pass
#Quality	Count
2	20.0
3	7.0
4	17.0
5	33.0
6	82.0
7	178.0
8	351.0
9	594.0
10	786.0
11	1212.0
12	1224.0
13	1387.0
14	1530.0
15	1579.0
16	1701.0
17	1906.0
18	1967.0
19	2176.0
20	2301.0
21	2529.0
22	2862.0
23	3370.0
24	4285.0
25	5087.0
26	6326.0
27	8088.0
28	10381.0
29	13180.0
30	17041.0
31	21650.0
32	28177.0
33	37379.0
34	54387.0
35	89255.0
36	185205.0
37	565006.0
38	1809543.0
39	1113894.0
40	3304.0
>>END_MODULE
>>Per base sequence content	warn
#Base	G	A	T	C
1	16.960846698428693	31.664330978476247	31.868579722392727	19.506242600702333
2	19.00885	31.3208	31.488149999999997	18.1822
3	19.01075	30.639100000000003	31.586025	18.764125
4	19.56005	30.3809	31.2032	18.85585
5	19.90405760246067	30.710347465371157	30.684907245759774	18.700687686408394
6	19.8322	30.969600000000003	29.960874999999998	19.237325
7	19.7799	30.8043	30.500549999999997	18.91525
8	19.234275	30.804474999999996	30.6583	19.30295
9	19.03705	30.497125000000004	31.0329	19.432925
10-14	18.97688689768869	30.753068075306807	31.00417810041781	19.265866926586693
15-19	19.0292968644531	30.60387732853012	31.03586327889921	19.330962528117563
20-24	19.153235504209725	30.52503860820653	30.82844916061964	19.493276726964105
25-29	19.242395000000002	30.534675	30.69888	19.524050000000003
30-34	19.33002710451546	30.56071372457008	30.60986509950341	19.49939407141106
35-39	19.333945013490784	30.590371692953095	30.59854731879725	19.47713597475887
40-44	19.318832089282818	30.572680598672353	30.600142449601105	19.50834486244373
45-49	19.348725463498504	30.592011211828986	30.57075501935659	19.48850830531593
50-54	19.32103317932717	30.6351596378953	30.598234368978012	19.445572813799515
55-59	19.32331	30.64468	30.598209999999998	19.4338
60-64	19.327081021936827	30.656999751623065	30.616315339398557	19.39960388704155
65-69	19.29751650269673	30.673483486499542	30.6270224481491	19.40197756265463
70-74	19.315735	30.691760000000002	30.644175	19.34833
75-79	19.280835	30.697115000000004	30.680275	19.341775
80-84	19.306489106351226	30.739186218667626	30.632814639585458	19.32151003539569
85-89	19.281930596247058	30.72059262552053	30.68968378404643	19.307792994185988
90-94	19.290566294360858	30.72024210003378	30.695215029043656	19.29397657656171
95-99	19.260485	30.74369	30.71274	19.283085
100-101	19.284108747190306	30.752653817144182	30.680316190553334	19.282921245112178
>>END_MODULE
>>Per base GC content	pass
#Base	%GC
1	36.467089299131025
2	37.19105
3	37.774875
4	38.4159
5	38.60474528886906
6	39.069525
7	38.69515
8	38.537225
9	38.469975
10-14	38.24275382427538
15-19	38.36025939257066
20-24	38.64651223117383
25-29	38.766445
30-34	38.82942117592651
35-39	38.81108098824965
40-44	38.82717695172654
45-49	38.837233768814436
50-54	38.76660599312669
55-59	38.75711
60-64	38.72668490897838
65-69	38.69949406535136
70-74	38.664065
75-79	38.62261
80-84	38.62799914174692
85-89	38.589723590433046
90-94	38.58454287092257
95-99	38.54357
100-101	38.56702999230249
>>END_MODULE
>>Per sequence GC content	pass
#GC Content	Count
0	8.0
1	11.0
2	14.0
3	15.5
4	26.0
5	46.5
6	66.5
7	92.5
8	136.0
9	194.5
10	280.0
11	386.0
12	554.0
13	778.0
14	1088.5
15	1700.0
16	2643.5
17	3986.5
18	6002.5
19	8898.0
20	12972.0
21	18446.0
22	25264.5
23	33655.0
24	43765.5
25	55343.0
26	68050.5
27	81542.5
28	94694.0
29	108013.5
30	120774.0
31	132025.5
32	142287.0
33	151279.5
34	158828.0
35	164852.0
36	169193.5
37	172673.0
38	176048.5
39	177611.5
40	176649.5
41	172646.0
42	164930.5
43	154230.0
44	142267.5
45	130199.0
46	118201.0
47	106992.5
48	96613.5
49	86904.5
50	77872.5
51	69307.5
52	61366.0
53	54402.5
54	47520.5
55	40601.0
56	33891.5
57	27733.5
58	22781.5
59	18558.5
60	15122.5
61	11798.0
62	8793.5
63	6664.5
64	4959.0
65	3614.0
66	2803.0
67	2220.5
68	1699.5
69	1263.0
70	902.0
71	642.0
72	453.5
73	333.0
74	234.5
75	168.0
76	113.5
77	79.5
78	74.0
79	49.5
80	29.0
81	20.0
82	13.0
83	11.5
84	7.0
85	4.0
86	4.0
87	2.5
88	2.0
89	2.0
90	0.5
91	1.0
92	1.5
93	0.5
94	0.0
95	0.0
96	1.0
97	1.0
98	0.0
99	0.0
100	0.5
>>END_MODULE
>>Per base N content	pass
#Base	N-Count
1	0.011625
2	0.0
3	0.0
4	0.0
5	0.059825
6	0.0
7	0.0
8	0.0
9	0.0
10-14	9.999999999999999E-6
15-19	2.2E-4
20-24	0.00183
25-29	0.0
30-34	0.01297
35-39	0.007655
40-44	0.0067399999999999995
45-49	0.00561
50-54	0.027809999999999998
55-59	0.0
60-64	0.010844999999999999
65-69	0.03452
70-74	0.0
75-79	0.0
80-84	0.0061849999999999995
85-89	0.028605
90-94	0.008275000000000001
95-99	0.0
100-101	1.75E-4
>>END_MODULE
>>Sequence Length Distribution	pass
#Length	Count
101	4000000.0
>>END_MODULE
>>Sequence Duplication Levels	pass
#Total Duplicate Percentage	4.862889391641598
#Duplication Level	Relative count
1	100.0
2	1.3510335275825123
3	0.7646274858232942
4	0.5451172028118222
5	0.40766195416416234
6	0.3371050774819035
7	0.2451198160294771
8	0.18449316643583244
9	0.12857030862100505
10++	0.5649776569890507
>>END_MODULE
>>Overrepresented sequences	pass
>>END_MODULE
>>Kmer Content	warn
#Sequence	Count	Obs/Exp Overall	Obs/Exp Max	Max Obs/Exp Position
CCAGG	530475	3.2077618	3.4703343	2
CCTGG	519455	3.137532	3.3524756	1
>>END_MODULE
